DEGREE VECTOR: [1] 44 46 44 44 32 46 46 46 44 44 44 44 46 29 44 44 32 46 46 32 44 46 46 46 46 46 46
[28] 44 29 44 46 46 44
The degree mean is: 42.90909 
 
DEGREE VECTOR WITHOUT MULTIPLE EDGES: [1] 32 32 32 32 30 32 32 32 32 32 32 32 32 29 32 32 30 32 32 30 32 32 32 32 32 32 32
[28] 32 29 32 32 32 32
The degree mean without multiple edges is: 31.63636 
 
BETWEENNESS VECTOR: [1] 0.2142857 0.2142857 0.2142857 0.2142857 0.0000000 0.2142857 0.2142857 0.2142857
 [9] 0.2142857 0.2142857 0.2142857 0.2142857 0.2142857 0.0000000 0.2142857 0.2142857
[17] 0.0000000 0.2142857 0.2142857 0.0000000 0.2142857 0.2142857 0.2142857 0.2142857
[25] 0.2142857 0.2142857 0.2142857 0.2142857 0.0000000 0.2142857 0.2142857 0.2142857
[33] 0.2142857
The betweenness mean is: 0.1818182 
 
CLUSTERING COEFFICIENT VECTOR: [1] 0.5179704 0.4734300 0.5179704 0.5179704 0.8770161 0.4734300 0.4734300 0.4734300
 [9] 0.5179704 0.5179704 0.5179704 0.5179704 0.4734300 1.0000000 0.5179704 0.5179704
[17] 0.8770161 0.4734300 0.4734300 0.8770161 0.5179704 0.4734300 0.4734300 0.4734300
[25] 0.4734300 0.4734300 0.4734300 0.5179704 1.0000000 0.5179704 0.4734300 0.4734300
[33] 0.5179704
The clustering coefficient mean is: 0.5595792 
 
The graph density is: 1.340909 
 
The graph diameter is: 2 
 
The number of components is: 1 
 
The size of the largest k-core is: 39 
 
